tot	trigstat	muidstat	isostat	trigsyst	muidsyst	isosyst	muidbinned	isobinned	PU	STA
0.0318302	0.000614822	0.0029522	0.0291205	0.00452814	0.00230236	0.00482655	0.00255277	0.00727242	0.0034	0.006
0.0369451	0.000751742	0.00299578	0.0338735	0.00531857	0.00217175	0.00404139	0.00318714	0.0100467	0.0034	0.006
0.0334361	0.000576213	0.0031647	0.0297962	0.00407165	0.00230925	0.00530687	0.002409	0.0107875	0.0034	0.006
0.0242121	0.000310153	0.00298352	0.0191066	0.00204152	0.00233198	0.00729169	0.00181226	0.00992716	0.0034	0.006
0.0164416	0.000215381	0.00252377	0.0108127	0.00131084	0.00211518	0.00735935	0.00133867	0.00610673	0.0034	0.006
0.0115012	0.000155209	0.00200522	0.00510516	0.00082982	0.00178733	0.00677591	0.000649234	0.00209562	0.0034	0.006
0.0106234	0.000145252	0.00207273	0.00353207	0.000735689	0.00177857	0.00662253	0.000643982	0.000725496	0.0034	0.006
0.0107801	0.000155764	0.00244809	0.00352404	0.000781407	0.00188366	0.00670807	0.000725228	0.000728692	0.0034	0.006
0.0103266	0.000152396	0.00266166	0.00326701	0.000760104	0.00172145	0.0059664	0.000897787	0.00116338	0.0034	0.006
0.0101747	0.000144672	0.00316344	0.00337806	0.000725396	0.00147953	0.00487566	0.00177367	0.00221183	0.0034	0.006
0.010996	0.000138827	0.00432081	0.00436546	0.00070887	0.00104297	0.00350833	0.00262289	0.00385068	0.0034	0.006
0.0128305	0.000127935	0.00700559	0.00626072	0.000670389	0.00114042	0.00177846	0.00167539	0.00458802	0.0034	0.006
0.0180604	0.000121723	0.0140219	0.00777122	0.000659665	0.00374145	0.000424163	0.000292515	0.00262613	0.0034	0.006
										
0.0117348	0.000138584	0.00245253	0.00429792	0.000674966	0.00200846	0.00752483	0.000404229	0.00208892	0.0034	0.006
0.011716	0.00014293	0.00244986	0.00427996	0.000695694	0.00201998	0.00749646	0.000538538	0.00207697	0.0034	0.006
0.0115783	0.000148575	0.00241399	0.00417711	0.000720644	0.00200467	0.00737762	0.000632222	0.0019578	0.0034	0.006
0.0114554	0.000150798	0.00239796	0.00410624	0.00072981	0.00199865	0.007248	0.000703267	0.00186451	0.0034	0.006
0.011308	0.000151693	0.0023611	0.00395992	0.000734349	0.00197095	0.00713577	0.000697708	0.00178948	0.0034	0.006
0.0112122	0.000151791	0.00235312	0.00388796	0.000743512	0.00196843	0.00708863	0.000644841	0.00154409	0.0034	0.006
0.0110173	0.000157956	0.00233281	0.00377239	0.000760664	0.00194478	0.00689061	0.000599504	0.00138675	0.0034	0.006
0.0109346	0.000156548	0.00231658	0.0036648	0.000768517	0.00192711	0.00685947	0.000560305	0.0012297	0.0034	0.006
0.010841	0.000156232	0.00231697	0.00357342	0.000776497	0.00192811	0.00679871	0.000585608	0.000958618	0.0034	0.006
0.010772	0.000158059	0.00229985	0.00349167	0.000777454	0.00189914	0.00677169	0.000657062	0.000686374	0.0034	0.006
0.0105724	0.000157295	0.00229052	0.00337063	0.000796806	0.00188549	0.00653195	0.000817672	0.000241174	0.0034	0.006
0.0104823	0.000164039	0.00229365	0.00336623	0.000834537	0.00185595	0.0063192	0.00114667	0.000557475	0.0034	0.006
0.0106768	0.000164742	0.00233545	0.00354859	0.00086227	0.00183438	0.00621011	0.00168791	0.00168406	0.0034	0.006
0.0111705	0.000159803	0.00242212	0.00392349	0.000856914	0.00181567	0.00625534	0.00227603	0.00275562	0.0034	0.006
0.0112701	0.00016059	0.00248147	0.00427838	0.000865706	0.00175814	0.00587203	0.00255555	0.00318046	0.0034	0.006
0.0116187	0.00015647	0.00261308	0.00456288	0.000861555	0.00171888	0.00588522	0.00265948	0.00378881	0.0034	0.006
0.0118001	0.000167456	0.00288384	0.00532241	0.000946391	0.00168479	0.00562702	0.0018511	0.00402315	0.0034	0.006
0.0119875	0.000163435	0.00331967	0.0059832	0.000918125	0.00172268	0.00527739	0.000974858	0.0040844	0.0034	0.006
0.0124743	0.000166319	0.00406194	0.00664469	0.000952865	0.00183956	0.00490607	0.00103395	0.00423536	0.0034	0.006
0.0128522	0.000178275	0.00522762	0.00721233	0.00106991	0.0020946	0.00413015	0.00114232	0.00378774	0.0034	0.006
0.0144935	0.000190437	0.00817422	0.00775652	0.00112767	0.00316183	0.00325598	0.00120696	0.00348653	0.0034	0.006
										
0.0111433	0.000150423	0.00235413	0.00383905	0.000730524	0.00192452	0.00704628	0.000552677	0.00145539	0.0034	0.006
0.0111095	0.000150096	0.00236084	0.00381907	0.000731976	0.0019387	0.0069929	0.000555512	0.00147497	0.0034	0.006
0.0110541	0.000148981	0.00234714	0.00375459	0.000737755	0.00193299	0.0069813	0.000582227	0.00128291	0.0034	0.006
0.0109641	0.000150943	0.00233805	0.00367719	0.000748359	0.00193071	0.00690846	0.000604479	0.00112277	0.0034	0.006
0.010903	0.000153567	0.0023393	0.00361709	0.000762093	0.00192676	0.0068708	0.000635484	0.00091198	0.0034	0.006
0.0107933	0.000154265	0.00234541	0.00351313	0.000769943	0.00192036	0.00677318	0.000712257	0.000635617	0.0034	0.006
0.0106514	0.000154526	0.00234746	0.00343219	0.000787501	0.00190124	0.0066067	0.00080071	0.00023083	0.0034	0.006
0.010631	0.000157566	0.00238267	0.00341228	0.000814739	0.00188284	0.0065317	0.00100719	0.000476142	0.0034	0.006
0.0105613	0.00015945	0.00248884	0.00350997	0.000839305	0.00180401	0.00613053	0.00134613	0.00144452	0.0034	0.006
0.0108154	0.000169832	0.0033653	0.0042237	0.000915111	0.0015168	0.00530158	0.00136601	0.00266632	0.0034	0.006
										
0.03498	0.00189162	0.00236667	0.0241595	0.0032225	0.000254256	0.0237462	0.00165331	0.00247141	0.0034	0.006
0.0261649	0.00160098	0.00172316	0.0210035	0.00349738	0.000591612	0.0076343	0.000898596	0.0108946	0.0034	0.006
0.0269603	0.00111705	0.00240076	0.0226396	0.00345186	0.00165979	0.00329438	0.00104476	0.0115378	0.0034	0.006
0.0314049	0.000758931	0.00349223	0.0281809	0.0034852	0.00266706	0.00298333	0.00231607	0.00991214	0.0034	0.006
0.0365768	0.000580618	0.00436407	0.0340337	0.00339035	0.00338992	0.00336494	0.00323899	0.00823559	0.0034	0.006
0.0396712	0.000555108	0.00470502	0.0373695	0.00342262	0.00367186	0.00349109	0.0036774	0.00751069	0.0034	0.006
0.0395927	0.000622816	0.00468963	0.0372519	0.00346167	0.00364535	0.00347508	0.00363702	0.00770498	0.0034	0.006
0.0349601	0.00066368	0.00413541	0.0322352	0.00351206	0.00321622	0.00329649	0.00300466	0.00868482	0.0034	0.006
0.0298037	0.000698735	0.00307103	0.0262803	0.00349904	0.00233671	0.00274534	0.00197564	0.0105349	0.0034	0.006
0.0255328	0.000816521	0.00195786	0.0207983	0.00340376	0.00116189	0.00427079	0.000580921	0.0116524	0.0034	0.006
0.0262667	0.00132518	0.00172404	0.0208207	0.00336558	0.00029155	0.0115772	0.00130635	0.00754972	0.0034	0.006
0.0410655	0.00239854	0.00272591	0.0270598	0.00323522	0.000335109	0.0288583	0.00173331	0.00685643	0.0034	0.006
										
0.0278745	0.000963106	0.0130936	0.0178588	0.00108483	0.000656467	0.0102906	0.00529526	0.010128	0.0034	0.006
0.0169196	0.000759444	0.00695928	0.00989105	0.00106234	0.000618274	0.00703325	0.00320747	0.00553217	0.0034	0.006
0.0132882	0.000566456	0.00443376	0.00721327	0.00090358	0.000750767	0.00635137	0.00219744	0.00323359	0.0034	0.006
0.0119917	0.000331146	0.00298292	0.00528799	0.000780447	0.00127047	0.00740214	0.000920001	0.00118728	0.0034	0.006
0.0120933	0.000235851	0.0024919	0.00437268	0.000722336	0.00160773	0.00830016	0.000219062	0.00112079	0.0034	0.006
0.012268	0.000216098	0.00230455	0.00390704	0.000700398	0.00177328	0.00880111	0.000317279	0.00106105	0.0034	0.006
0.011875	0.000201062	0.00230211	0.00356474	0.00069277	0.0019036	0.00829017	0.00074768	0.0014206	0.0034	0.006
0.0112927	0.000184918	0.00241773	0.0034723	0.000686419	0.00202099	0.00736114	0.00119031	0.00136774	0.0034	0.006
0.0107058	0.000178271	0.00257924	0.00368001	0.000727344	0.00214053	0.00625581	0.001488	0.000605931	0.0034	0.006
0.0105892	0.000170483	0.00272362	0.00429553	0.000813355	0.00222574	0.00540183	0.00181083	0.000773335	0.0034	0.006
0.0109484	0.000159026	0.00285092	0.00504114	0.000824502	0.00230733	0.00502253	0.00209111	0.0017716	0.0034	0.006
0.0113674	0.000144967	0.00289488	0.00553692	0.000845726	0.00233867	0.00507869	0.00212566	0.00247045	0.0034	0.006
0.011127	0.000145975	0.00286428	0.00528749	0.000843812	0.00230861	0.00500448	0.00212761	0.00211024	0.0034	0.006
0.010691	0.000144504	0.00278991	0.00457577	0.000844139	0.0022608	0.00516712	0.00195995	0.00127754	0.0034	0.006
0.0105932	0.000143686	0.00263375	0.00387186	0.000777119	0.00215311	0.00590266	0.00161936	6.26885E-05	0.0034	0.006
0.0109863	0.000154989	0.00248412	0.00351112	0.000733554	0.00204601	0.00685174	0.0013183	0.00109917	0.0034	0.006
0.0116163	0.000163746	0.00231749	0.00348097	0.000704886	0.00191252	0.00793664	0.000935316	0.00135779	0.0034	0.006
0.0120417	0.000179157	0.00231805	0.00369953	0.000712616	0.00180196	0.00855481	0.000461484	0.00109487	0.0034	0.006
0.0120823	0.000200604	0.00249434	0.00422217	0.000727255	0.00165706	0.00836397	0.00012779	0.00104216	0.0034	0.006
0.0119187	0.00022936	0.00295465	0.00506133	0.000760144	0.00135907	0.00749554	0.000708407	0.000992811	0.0034	0.006
0.0126214	0.000309459	0.00410379	0.00651705	0.000836681	0.000934007	0.00657711	0.00167552	0.00216601	0.0034	0.006
0.015204	0.000503635	0.00615611	0.00864048	0.000961842	0.000673507	0.00673947	0.0025941	0.00415503	0.0034	0.006
0.0228164	0.000817356	0.011102	0.014078	0.00106422	0.000634614	0.00896646	0.00392425	0.00732002	0.0034	0.006
0.0332602	0.00145653	0.0166105	0.0213237	0.00117361	0.000690234	0.0134341	0.00567056	0.0105579	0.0034	0.006